27934
18777
45305
21777
33244
15265
42344
41165
30099
33889
37152
4245
15865
34287
11953
47680
42462
11808
5029
45405
8504
3831
23614
15542
7985
1636
32732
20903
48732
28167
18177
44900
46445
31716
34911
47923
46481
27255
7821
26579
29378
44473
48559
44743
46994
28747
11157
39455
8789
15686
3594
16793
37253
26708
31836
44738
46079
32802
15640
13544
10968
33317
8444
7412
33268
11589
23569
29748
7078
30890
24562
4691
43597
23120
48934
40591
20101
28325
48280
28391
12246
20108
44684
48999
46316
44754
12470
42395
27555
27610
5938
38024
29161
32117
13670
12428
11941
36740
10411
18519
35864
3207
22710
29461
44062
39879
38286
14163
36438
5299
42054
16918
24908
5471
34151
39458
49726
46121
586
27280
41965
24260
33538
21126
6376
46709
1788
36052
2182
29934
22806
6280
32641
13750
3975
26703
21863
41761
9100
8301
15295
1153
42954
39703
24359
27105
29160
24084
23225
29247
19599
15190
21741
21371
4550
45852
36314
24073
31904
37996
4007
4709
12511
4882
17959
15986
31085
8057
7747
8419
15858
40777
27307
8811
30479
1666
4150
27873
25250
26876
25354
13083
10300
46595
33955
32585
42447
20268
6657
24350
26499
10164
46794
38510
32782
32987
4495
13866
40544
29977
21786
24636
20753
48593
1682
19466
18493
5332
46840
11978
49943
40428
24561
28477
37023
26750
11061
47704
15253
17219
40288
41252
45118
37081
47996
27899
38302
20725
10000
47081
702
49521
39951
39190
16847
9867
26891
34841
14700
41965
46319
32877
32392
39114
11354
37649
15864
40150
35352
30617
7368
25639
40103
20721
30954
38098
48120
37491
8822
26354
34571
27259
25874
42756
34684
10956
2623
11574
45297
35058
21773
10349
17934
4164
48963
47023
41314
33061
37173
44900
13677
12775
20539
22014
32996
19727
10111
31116
7217
36669
25704
10022
32162
1578
2778
16845
12034
23136
46154
25565
8193
17926
35414
25627
39826
3110
40885
49374
35672
28057
44273
17583
40332
33046
7832
23328
2773
35678
22678
27725
22346
47882
5982
22743
17694
26495
7822
47463
49131
3976
23027
7323
39637
26675
1184
47697
47521
41569
47070
1926
37860
10077
37244
28192
42623
44576
19754
13630
30254
41932
40856
20834
8547
46338
43077
43977
22832
899
41439
40197
22610
32701
47020
30481
27610
16438
28178
25130
8007
43482
26556
14101
3558
32035
41793
45682
26610
29781
9311
6863
39947
18401
27198
47995
32973
38509
41971
24039
7642
2143
14235
29752
34344
29489
28468
30189
45428
6645
5318
21669
18361
49610
35270
21420
31644
45298
35336
8253
25078
12881
32852
15025
30783
28284
31254
13755
35027
41459
37295
42170
43102
19764
21921
45681
48754
49889
25869
44181
24768
48922
34084
42630
48531
19353
32284
48409
32885
17619
24897
7963
30000
7748
40723
29017
4266
21976
11007
38793
13434
16536
30962
24770
35800
21118
20450
34553
39241
45819
46968
14009
44741
31051
24873
12005
18639
25391
10414
1523
42510
34811
27221
40744
10793
17943
19761
14559
8153
48503
21586
21087
15038
2548
45358
837
41401
34042
3625
30641
29861
592
12884
42836
49379
37257
4840
36252
12647
32989
6009
23391
17799
32731
14135
46327
18908
2130
10885
26562
632
31972
15883
15170
2754
11240
33742
43655
44783
36867
24295
42878
5694
36680
35713
23307
42171
8787
9558
23053
41277
15067
14678
27310
16032
46548
23637
34441
48178
2756
29237
17044
2962
44620
49949
23451
24095
2425
17105
37112
38792
9635
48224
12720
14549
2670
35527
24954
10957
13319
16241
20468
46122
30420
16013
12153
26967
39150
14828
43380
10140
43565
28658
30838
6919
28607
4288
48749
30532
20894
35860
37558
48264
34083
49779
12812
36253
4039
6000
15444
35094
21742
35413
31215
2161
1425
11602
46863
8809
25931
40242
36684
37730
18900
17521
12883
15741
21310
11631
14507
10438
15725
2064
8701
18042
20077
39248
22529
41852
13482
37474
26945
34724
41121
26394
5119
10780
37496
20217
37324
31661
10458
24007
19391
47093
41029
508
31068
30573
11640
45075
40511
45100
15374
17446
13142
34951
24928
35171
45037
37910
40879
21981
40869
31999
47875
14222
11013
4105
33939
47837
35266
12632
40079
4656
27959
49342
22900
9027
29914
34040
22336
38659
47374
37210
24339
10515
40396
17501
45187
35432
23645
4799
25648
14513
36299
41757
28236
15546
45362
30409
13383
30628
42541
3461
3518
20500
21037
25918
29027
950
28192
1362
7843
25566
6807
31682
4315
46703
17417
17736
868
40562
22036
26016
23310
8334
17773
19780
23380
31369
49689
4997
30231
42230
26193
33250
12729
46730
27402
9990
15914
23829
29087
23257
17629
35394
23173
21444
830
40090
38681
1199
30652
10716
44950
3961
36785
30957
23241
28399
12326
41164
32897
42057
33393
27324
43541
14356
24054
39178
42081
8202
13006
21168
30960
30135
24796
4132
1578
43362
12457
8493
12795
11343
18709
7744
14804
5493
38202
6279
2127
18762
46943
34524
29053
48571
30082
22594
12926
22370
11771
5007
30073
42512
43910
11032
40881
36940
32899
41959
30301
13590
49953
42596
24433
36896
18575
38737
10624
6776
13250
12251
25038
10193
15009
4090
8763
44591
44419
39424
16961
24424
12665
46534
35170
24809
25800
26050
11749
26933
18009
10284
40024
36196
21115
14456
23091
39190
21428
1949
14200
34178
13700
7472
12605
28209
29297
39103
22800
41951
28527
7995
16374
40692
4528
1544
15501
48063
45329
44985
24995
13337
23503
15018
17767
44118
28975
9093
2041
49903
10542
15741
2814
23743
40948
14920
20186
20245
4022
42486
12195
32049
49981
46304
40976
22743
16082
24711
20805
11411
37930
45301
42483
11432
28553
28485
5550
7527
37078
25326
25664
15854
9302
27979
7831
49750
11133
27518
38229
14655
20003
18658
14939
38219
14962
24149
29196
48779
48360
49502
28424
36289
13536
20907
47221
41589
17626
21005
17351
4703
45832
11249
38292
5133
7462
45624
23117
18095
23141
11346
985
11378
29504
15424
17831
12700
39073
46528
29714
6166
14763
8137
10689
27799
46779
7909
37622
14404
46650
23207
36842
11215
33957
25134
34083
40919
20757
7199
27249
43398
36280
27734
23010
34019
42658
40342
46219
49965
36869
44167
24365
1631
2304
34554
47165
17317
41963
3520
31222
7346
26228
18063
18061
28419
11431
2143
37572
31688
27078
14820
43320
13357
42054
16330
46876
3445
24906
11829
21644
11774
5995
45509
31140
26034
30062
46539
42852
40260
18293
42308
47106
44021
10370
33402
40674
39537
3779
28246
21224
30357
42566
32779
11949
3354
17343
8824
6299
41749
20153
45679
3522
43884
41187
2896
19917
21249
48935
12768
29743
35462
23310
26848
29483
1915
28484
38391
40952
31764
16636
30410
30355
27437
13188
41804
30291
30031
18863
4824
21779
7250
502
43036
1133
9924
45432
20551
48908
13100
1553
28650
48063
24364
23732
45780
25779
2216
2904
34965
2214
19041
15374
32069
14712
28063
42108
44503
26328
10970
17561
47608
17720
35799
9377
36589
45223
23044
7139
12864
4378
26427
41014
20675
19025
14745
34689
13038
16461
37094
47503
36410
6134
31112
18479
20346
9174
28821
33083
3736
39291
18878
19578
25245
4676
28456
11833
18133
1499
36707
30497
23612
31369
39745
43788
49894
4490
28476
31167
38686
15569
46904
25096
39438
28015
11809
9783
5423
40130
11100
8660
47655
29479
27738
41134
2389
24428
2967
38258
43662
7908
36989
17274
38777
26734
11061
7405
48959
7771
38072
37644
22841
3709
30974
12278
31225
42283
39797
4882
1146
896
31277
17035
29875
9015
8169
50000
1677
28871
38257
44840
36279
25245
12113
25056
1978
40909
31961
936
48180
38267
6815
39255
41476
37289
1533
40935
47807
9564
45318
17187
9960
44829
33723
8070
3843
10126
8069
23256
38497
14560
18095
43010
39305
47943
18065
9518
7585
18260
28189
5764
6526
3238
13254
16237
8762
32522
7171
6568
41586
20723
23255
1545
15552
25212
27350
37130
3572
3653
10385
41569
17713
46215
34579
25253
44157
20878
34271
1741
38639
30694
25241
13399
2167
6729
29136
10429
38751
4542
16497
30336
24765
7986
49616
8551
1433
26966
13916
4505
30119
23801
14309
47333
38251
17122
40820
1141
37500
43325
20618
44373
24018
45359
7772
25685
20322
36408
35614
9072
40450
20345
38908
33450
46067
7257
41501
47000
33723
5416
1504
32077
46953
33548
47644
35203
669
38463
4578
37670
31787
24696
776
24039
38289
8048
17959
8610
43957
3572
17182
3140
41653
24324
36090
37719
31082
45826
34718
33039
19476
4456
15115
34663
37505
30993
38100
6408
19455
42179
43578
19476
16874
12589
43016
5163
20137
10974
13273
32328
32281
48191
34969
42168
22514
39293
29886
21830
3852
32838
4869
22829
36795
37719
7491
42534
18712
45092
48442
6401
37270
10754
43613
4143
22843
36628
27041
42480
15836
39815
43043
16351
38005
28011
8519
28753
35538
37905
18818
38891
20743
23187
11719
25772
29140
36945
18305
16086
32036
34981
40223
37540
45235
33835
9918
18077
38697
36459
28792
4532
26273
21834
20383
32512
18079
28402
29500
3616
16307
47818
10741
5284
39239
40195
30556
18378
27140
17095
2699
27410
2075
42422
33185
15545
44491
42603
33122
33187
29061
30148
37219
23569
20216
25836
24315
6529
22473
3814
27881
7014
1631
38122
11798
40370
28317
10588
26983
23691
27183
47417
1100
46993
8572
33785
12537
3062
44622
13894
35749
23683
12276
41202
15486
31993
35272
39301
38022
7744
42616
15902
14258
12481
22259
43791
2851
575
4378
47569
23766
49296
44985
42601
46289
3556
44621
8825
6118
39242
40454
10101
31159
2730
19537
46145
34223
23043
4180
40479
30288
46296
24616
12780
8776
46375
6571
29362
15184
10449
26930
7184
27980
21914
49285
24268
43205
12639
1327
17557
20116
10016
27158
1274
12246
14929
15654
14703
37473
19334
5181
35995
15629
47532
17009
42140
43906
23080
39737
27324
1764
16666
34008
29244
6815
2027
21746
18254
14166
40808
35312
33782
823
12469
3291
12569
45134
18445
45007
1340
6013
18423
5569
39377
15954
22078
31516
28095
44659
21252
5418
14657
6153
38927
12135
30703
40454
33381
48457
22854
42423
33768
6636
42747
14472
27662
23550
27840
14341
18557
28680
19854
36480
33749
9230
20668
24061
8980
48263
36954
29733
3681
1610
4120
42108
13245
3057
32561
14860
1513
5414
25518
3516
29785
36499
35723
25681
10048
13562
39522
46340
41742
9375
1553
43725
18105
21722
36020
26586
19984
22974
24553
23165
24084
46408
33507
5564
48965
34302
38159
18712
7951
31911
21728
37236
18409
7450
31152
46193
38747
20673
42532
48723
47784
12320
42447
34123
33542
28467
28943
21760
19675
3495
13160
11993
18137
46167
17057
35336
30469
23451
4048
37920
5361
43511
43390
41506
19196
42776
37698
7942
13449
48464
6665
29467
10783
17346
13589
12559
14047
42033
33820
33222
13762
15214
44716
49635
29615
30007
34970
10083
21692
38518
16237
26554
32029
27862
18059
19459
38872
23991
26901
20555
22454
1800
49522
32738
18647
13111
44797
928
23378
46851
33651
36640
12064
46601
36274
41180
26607
39479
19497
47800
27996
3969
42588
28259
49566
28881
47218
38437
2871
42354
8992
24825
43654
26748
25797
30535
39359
38829
30964
30971
35679
32849
35846
15978
29449
40354
25392
24290
29832
13123
40324
7828
16592
1645
4321
34392
30026
19774
41064
1131
30362
18290
43692
42250
44538
19488
22785
2631
8316
21983
33102
12230
4831
18947
27708
2514
9301
3099
44539
38633
15722
34863
14695
549
36008
36752
3175
34269
6525
43739
34900
5121
12028
46826
46871
6566
16314
37890
26932
42365
9872
10033
4594
32438
28481
536
3186
6016
3135
47226
44149
36593
32088
27079
5376
36330
13830
8051
20598
38090
20025
23733
42711
49788
20558
39581
6353
5106
27471
1519
15706
5577
11053
19800
37516
7768
19837
40202
13284
40707
6161
25667
45534
37749
2745
909
42314
34310
26696
12911
22399
46221
4878
33344
46008
43172
22925
20596
16512
18630
21615
31718
41942
902
1518
47692
8170
39090
6628
20954
29796
12289
46122
43565
18273
17101
43974
10586
1411
38904
41232
23310
3858
45611
6654
49367
7516
47314
38197
23528
34178
28046
23481
26119
28449
42734
42046
36119
31823
48174
25308
29853
10462
21429
41652
28235
38030
35626
38321
38941
42764
29553
30486
46123
43398
5374
14223
19148
2687
2419
10910
5099
48200
33891
48953
26648
26624
40998
31002
26681
39171
6309
24769
49134
27238
16420
45603
33502
20280
33924
40678
13044
31711
21163
27401
43343
26037
41124
12490
46459
43043
22900
19792
41242
25026
18744
36125
19884
9742
17126
14800
48413
22935
